# Calbration constants for [f1, f2, f3, preshape]
encoder_zero_reference: [5.42334, 3.22693, 3.40373]
motor_zero_reference: [56.6372, 57.5016, 57.3504, 53.5716]
